1731254924
172477651
2040835607
335746661
1372359729
1406804307
527250997
459759048
2016351266
664900693
143106263
1697171674
70313487
1762793220
484621843
529676916
966491323
342529571
1376353755
1850292122
824901034
382516739
1468777367
1914292149
1365740210
1103122113
1811735915
1443780615
1261461067
928293191
121899582
845232343
1100770842
15251542
1180979004
325646923
1422055849
1708230001
785405972
1290923467
225647046
928512235
840611494
295960533
543821808
1325233337
825637450
1510313131
1667762908
54507557
1213121606
345180294
437024296
534415325
111988795
1802764506
1637537438
1923724710
1099061473
751514858
704534253
1220961056
1596747201
1805305096
1236212598
630242558
2130952019
510784799
190988911
768874343
1801708266
416635958
1697386579
494836112
712596491
93724739
1820069449
1538233941
1604037870
1340348710
1592741499
669675828
1685529004
2029765795
1204091153
1797517800
1685046654
694144944
1573758862
636624479
1445659802
130809468
1857585535
894923355
1936114564
946314485
1525165913
1919582935
1457099284
1716154825
540973631
1111323903
2132790783
90876562
1606160015
697903626
184601301
1278745817
88653920
1788639171
471610879
1681395419
310831352
9656235
1563677566
1514922505
1807174035
1101240572
61583801
1233449250
1737865052
1507243603
1364258718
1447966939
254683311
1152889634
246797777
1779849224
924988921
1703897061
1348520401
1465962552
667737316
1333827536
1556839114
126413684
2031731163
1741440415
1405159501
2120385083
1382595939
1876770380
1654296854
1693427291
1886426615
1070490772
1060866148
1546117003
24247697
1122449950
632082605
1762112749
482209905
1996341323
1062596040
736893216
1001747309
1309393817
369258793
1926736230
865807231
1717779194
1245215135
1533544547
904123083
654570601
1659958231
788370598
248527369
917634084
761272033
1631123308
646920816
268085239
1177066951
385863784
1338576011
90449451
1931980787
1362823708
1212899401
416579744
977452809
1695109307
265437419
2040048850
284518875
1267184728
1201959019
653777668
1046437310
2067766250
224073215
144168797
1453827150
1128196298
798739399
966301733
1916566896
1047266768
1883935818
530355281
530906428
383372986
798440520
1707973379
769236770
2137016531
1798422830
553733909
1352356592
863838584
970313653
182325753
411464243
1235751072
74890955
695983118
355452152
1276849975
1349760787
1401889463
1197132577
1573834002
1546058260
503476079
554546652
197314011
1469777813
323629900
1244580779
1206229983
853985181
1775487207
1589602969
1652425701
1335976938
211356092
1641958584
986916121
765090001
846831528
1850754705
1735403655
1029157282
114735300
823671079
1104048237
810718418
1179123232
233414564
12995557
433529047
1430547142
1586829559
1979587307
1934023221
2141376211
29417671
1256317386
317522463
1273998450
315063721
1171507644
902002010
1904666691
676449697
90495300
2116022783
170924634
1077411421
733629136
1017756162
780682478
321549143
2046913444
895417778
1145220223
1003478034
1706136197
176859807
1236892598
1719131754
610388854
519956092
1158477666
442492513
306495666
1152370229
471910184
1562813052
1469892693
1745908635
1877876774
493916689
500426997
1635059817
1170366387
590922297
1603598952
1341291021
1668333719
189744440
211563535
301532549
511293584
110993332
1196950328
1656513807
1114471366
755602877
1833373614
203880316
327250983
296278820
723836409
1485728649
738771333
1030332075
490615231
1210681518
445661479
1960507924
809106505
176054605
306940965
1309533502
1811114422
1477307352
1900455799
1267229726
671114725
1421305870
1456974167
882678261
1722838420
1968267751
993671593
772305100
1477297910
2108142959
1527907977
1163187876
164539627
1855158960
1459466696
888376036
1193403962
50754381
1918708111
1684019193
1261435899
216885943
1497043469
2070542404
392940548
1803984434
1232592258
56571323
1133808139
985564410
1323801049
1804922864
259386632
633291568
540117477
1982225052
454075671
1533789070
607046504
1931373581
1494448381
2134954481
947077809
1658988009
1842629794
259060857
399880397
888550108
309815239
171104861
425085653
1571251138
387990804
1922129122
1494309895
780931352
1578629908
579418505
837502675
564954399
1564982915
13820077
222393616
1824369548
647111645
762511093
1659110952
1101187317
148816516
118673809
885077250
1643264897
106144642
1832155060
1154769258
1948774436
2091215917
1554649656
689840896
253547508
1725754517
1114926549
1824798647
2113745321
889572023
1171624894
747193025
320718284
1751043399
1584695701
885672683
1168542667
1598515778
1108066299
845428567
98143775
1870577393
357055871
1199331092
2019393909
475729680
2084408343
1515175158
581874323
1769079755
522460769
383165111
1712812024
2077110425
1073006008
1966359533
1655381294
40448909
1643674532
1621642967
930020933
667815778
221352344
1250739217
271375529
1806048045
2136411900
1439918196
1257080175
1096994552
137863115
1355223951
820088297
494918987
407071395
691998558
970648667
343996090
59690068
1552522990
2113075845
582150837
1935688102
1678404222
511777614
861210462
1497280107
19675260
901659371
993470991
1641318227
1831680304
1661286769
1862670572
934935873
1932662298
1521234969
923864126
1225096847
630831497
2020858678
1362959962
1986055448
693463327
1857878949
245643195
1385461885
681043969
589639286
1445151953
86083311
555231483
2027302791
2021771413
86152057
391596757
735498227
1583432164
411272018
1637157599
429419507
2052590245
1321354255
2090706276
1767777169
108806481
1875884927
1141528491
1032670607
953498126
1772359988
906045637
168974440
1610931788
1599508964
2026853390
1856574983
837487201
560413711
298730621
135155506
646497022
853962105
14974649
520784788
940114162
406571407
1256283015
376062679
817843425
745956966
805482186
722950022
2067311222
748704815
343243544
28634055
477106094
1484772035
1061304662
1430604220
1109648375
1967350299
1599578660
573096515
1419375615
1478948402
282187850
109379168
2039362113
580918472
244534674
538375488
1434880577
259509324
1059160276
227511091
666080731
167959643
603573770
1483924156
913916610
1409055957
59390530
833744184
10277124
402634074
862378239
487383218
1887406109
1923682901
1917987438
849570836
1743549552
1370082450
1422667351
1015441519
701547205
1704855202
1124820687
593425670
138290026
1369355361
1131801158
1573170603
1628864685
43477786
1800681694
147461768
211437430
256771817
1631385924
1125354040
1665827774
1690776455
1959098224
1676104898
2093410529
673992815
16004468
1833332991
450192068
1933991906
535420179
46257972
1156590708
1958087531
1061699491
1858137913
1515459085
39036530
304079936
1653749111
1408391891
1435881094
1079436066
889772929
1479358881
732634112
1037234697
1690796311
989405929
521136974
668666703
507750055
64429781
480281279
36371305
10356662
1154274094
52375773
1843689653
1604466162
1986367679
231626185
1650724134
995474740
42230068
564939977
706129005
1557689153
603976507
1010208941
1063954616
2012368398
298606388
2143390682
754657679
1777965269
728541146
1791892377
1321277932
1717947076
165545703
1989944635
78213483
229975484
322742266
114584789
240332146
1477016360
166960562
2084021800
933998874
5844594
168164337
437239360
1001319334
210394405
1002179337
1707448339
1768083558
1606155844
570173633
684554526
1471040594
868780021
680461560
78214626
499261642
1409002706
1870107003
1820539574
979466134
2035652706
1663000561
1057679618
118144542
1985742827
1172264407
358476688
1315275539
1339224969
295014840
101790765
1345069563
463179177
539030125
198905249
673573582
1541209462
1906353589
294173492
999881658
329043574
978728018
323438604
1197823595
1659189578
401653230
1697085237
920708637
124276585
1370141163
1900174771
12445643
885658076
810370741
130590185
723917255
1982635148
489066874
2039192794
1174376470
784081714
2140983559
371962385
1247260892
532530036
570867635
1920834474
2073739498
329737576
67524319
926137508
658781150
1046252337
1249576112
1856604745
557958268
1651229343
1406206334
1478666905
1775505928
628863849
1231358028
1787951572
1514521925
2041728770
1918541757
90955532
1876880270
260124983
2130148326
903773092
1044206698
2123648237
1275735478
143983942
508694625
1846603113
2064818416
434950475
28857041
2132342735
1361087983
687638191
1031111425
463180447
396759288
1589069693
2114409790
1802965622
920252950
1742432071
284345823
4127330
1382899995
1798867748
2045856100
1153958104
1889823280
1775252723
1414083088
1872487958
531542167
310806138
1848652547
1807277645
454790080
209863524
1506397110
372124848
644813999
1535254151
356983936
2005901982
75408694
1388095361
321598781
472167982
829681406
288524924
127649956
1749934356
2030956995
411995779
1754061686
1266373342
63379879
1652434139
272847798
1953203159
1280203214
1686930886
1678207469
1811745381
1997737024
1379376368
1471539379
305043456
1589239892
830452841
677168305
86570243
218223345
1034152241
2092472225
293632039
274763954
266587359
765800022
1104445360
555112283
893449978
706896068
438585630
1305445758
313474106
1704958972
1368825637
1965908245
1977806770
1174545149
1098627811
1517254009
705268970
762889545
1367507385
2084645339
86945276
1672550842
1526401583
917398117
202235499
1612971827
1135621462
1236387740
1557960404
1429253502
1511151694
1824547763
47569876
468113406
232176398
941019854
1175009474
670762028
98981964
1488483580
228237352
1467807602
1306908178
58560475
494869103
258052341
1575814484
1200138073
1020941886
795838221
1137299764
1107887162
320905415
516217700
2025285280
523140914
2129189527
1013423094
1759528654
1539666283
295192948
1123196700
1216730399
342762824
1591310106
1448906797
1283782679
618835932
2119668826
1382764643
2107319513
200422530
703088597
1266744043
258983005
1197957700
1524796384
1834797489
250612126
398254623
483152063
1387911890
1506141785
804057478
1904129590
1383943417
1327198393
1885835469
249882864
939243399
1278018105
545075812
2062440100
347264856
887838637
1506266558
1796171653
24137668
2125102491
1768356831
1406902311
2084938356
1968779362
2109990909
1204198751
80278719
1160464961
581511487
1915076209
1411077087
979766110
250744624
651505330
338424248
1054802102
408151272
1722367665
234516847
146503094
1972250529
1173760247
1424521199
369842694
1088716699
1771786055
1257681331
447499609
1420474060
1281818999
425118452
1041347244
541237662
362573160
862642958
503744923
1566771911
942921677
1664209885
799751
710514238
927803324
980565861
961258862
1579308654
1318990109
2016060965
1987459927
893874127
103094164
2133963021
718641008
1276854411
1411000572
1088483702
218087462
1035302979
198681385
665587072
308293391
1480500384
1090705524
1349640635
2021738047
1453278685
